x_beg : 184 y_beg : -1
x_end : 195.20445890356788 y_end : 82.93482491688744