x_beg : 184 y_beg : -1
x_end : 173.83496310064868 y_end : 68.49164633582357