x_beg : 184 y_beg : -1
x_end : 124.33615387374844 y_end : 104.22854231093466