x_beg : 184 y_beg : -1
x_end : 237.88430276916847 y_end : 137.74759674247372

ratio_shear = 0.9, ratio_compress = 0.9'
pressure = 30