x_beg : 184 y_beg : -1
x_end : 185.28671963436312 y_end : 81.11299356432556