x_beg : 184 y_beg : -1
x_end : 131.32789747308271 y_end : 128.95193045905313